GeneID	State	Prob_Host	Prob_Ameliorated	Prob_Foreign	ForeignFlag
lcl|NC_002942.5_cds_WP_010947081.1_1337	0	1	1.47912e-07	4.39791e-10	0
lcl|NC_000964.3_cds_NP_391145.1_3375_hgt_foreign	2	3.28438e-09	0.0135449	0.986455	1
lcl|NC_000964.3_cds_NP_391741.1_3985_hgt_foreign	2	2.65418e-27	2.5149e-05	0.999975	1
lcl|NC_000964.3_cds_NP_389451.1_1614_hgt_foreign	2	1.64734e-21	0.00383147	0.996169	1
lcl|NC_000964.3_cds_NP_391681.1_3922_hgt_foreign	2	3.69895e-15	0.00503782	0.994962	1
lcl|NC_000964.3_cds_NP_391428.1_3661_hgt_foreign	2	0.00390437	0.150321	0.845775	1
lcl|NC_000964.3_cds_NP_390788.1_3011_hgt_foreign	2	1.51661e-12	0.0093025	0.990697	1
lcl|NC_002942.5_cds_WP_015444840.1_406	0	0.955794	0.0439782	0.000228168	0
lcl|NC_000964.3_cds_NP_389525.2_1689_hgt_foreign	2	0.127019	0.371269	0.501712	1
lcl|NC_000964.3_cds_NP_389705.1_1872_hgt_foreign	2	0.000525163	0.32258	0.676894	1
lcl|NC_002942.5_cds_WP_010946782.1_1022	0	0.999964	3.61659e-05	2.19338e-07	0
lcl|NC_000964.3_cds_NP_390144.1_2342_hgt_foreign	2	1.76807e-12	0.00699851	0.993001	1
lcl|NC_002942.5_cds_WP_011213557.1_1188	2	2.29464e-07	0.0248277	0.975172	1
lcl|NC_000964.3_cds_NP_391209.1_3443_hgt_foreign	2	3.25248e-08	0.0214889	0.978511	1
lcl|NC_000964.3_cds_NP_390991.1_3216_hgt_foreign	2	1.51669e-05	0.0771205	0.922864	1
lcl|NC_002942.5_cds_WP_010948645.1_2955	0	0.999959	4.09524e-05	2.95316e-07	0
lcl|NC_000964.3_cds_NP_388011.2_130_hgt_foreign	2	6.01684e-07	0.106893	0.893107	1
lcl|NC_000964.3_cds_NP_388346.1_475_hgt_foreign	2	9.50499e-14	0.0144165	0.985583	1
lcl|NC_000964.3_cds_NP_391337.1_3570_hgt_foreign	2	5.47726e-07	0.0350048	0.964995	1
lcl|NC_002942.5_cds_WP_010946941.1_1192	0	0.999993	6.88013e-06	4.35843e-07	0
lcl|NC_002942.5_cds_WP_010948091.1_2368	0	0.999954	4.56554e-05	8.42812e-07	0
lcl|NC_000964.3_cds_NP_391462.2_3693_hgt_foreign	0	0.621859	0.132106	0.246035	1
lcl|NC_000964.3_cds_NP_389553.2_1716_hgt_foreign	2	4.32043e-10	0.027693	0.972307	1
lcl|NC_002942.5_cds_WP_010948466.1_2761	0	0.999999	6.38671e-07	2.17234e-08	0
lcl|NC_000964.3_cds_NP_390356.2_2558_hgt_foreign	2	1.4239e-09	0.0724231	0.927577	1
lcl|NC_000964.3_cds_NP_389533.2_1697_hgt_foreign	2	2.29558e-13	0.00103146	0.998969	1
lcl|NC_000964.3_cds_NP_388869.3_1004_hgt_foreign	2	5.66956e-11	0.00879838	0.991202	1
lcl|NC_000964.3_cds_NP_390600.1_2816_hgt_foreign	2	5.79845e-06	0.0334818	0.966512	1
lcl|NC_000964.3_cds_NP_390355.1_2557_hgt_foreign	0	0.826224	0.0917094	0.0820664	1
lcl|NC_002942.5_cds_WP_010946509.1_748	0	1	2.59694e-07	8.76741e-10	0
lcl|NC_002942.5_cds_WP_010948580.1_2880	0	0.999946	5.44162e-05	1.92023e-08	0
lcl|NC_000964.3_cds_NP_390686.1_2907_hgt_foreign	2	0.00122277	0.131926	0.866851	1
lcl|NC_000964.3_cds_NP_389239.2_1394_hgt_foreign	2	1.87762e-08	0.00258605	0.997414	1
lcl|NC_000964.3_cds_NP_388622.1_762_hgt_foreign	2	2.28988e-47	4.91083e-11	1	1
lcl|NC_000964.3_cds_NP_389696.1_1863_hgt_foreign	2	1.40726e-37	2.4208e-08	1	1
lcl|NC_000964.3_cds_NP_388586.1_728_hgt_foreign	2	4.34274e-22	0.000113049	0.999887	1
lcl|NC_000964.3_cds_NP_388759.2_897_hgt_foreign	2	0.000652639	0.0927875	0.90656	1
lcl|NC_002942.5_cds_WP_010946756.1_996	0	1	1.25839e-07	7.88747e-11	0
lcl|NC_002942.5_cds_WP_015443948.1_2746	0	0.978489	0.0214896	2.14364e-05	0
lcl|NC_000964.3_cds_NP_391344.1_3577_hgt_foreign	2	9.30373e-22	0.00159259	0.998407	1
lcl|NC_000964.3_cds_NP_388273.1_397_hgt_foreign	2	7.73478e-20	0.000159806	0.99984	1
lcl|NC_000964.3_cds_NP_387895.1_14_hgt_foreign	2	0.00422541	0.0142705	0.981504	1
lcl|NC_002942.5_cds_WP_010946202.1_441	0	0.999794	0.000204769	1.12725e-06	0
lcl|NC_000964.3_cds_NP_389487.1_1650_hgt_foreign	2	0.00135508	0.194618	0.804027	1
lcl|NC_002942.5_cds_WP_010946613.1_852	0	0.635701	0.21708	0.147219	1
lcl|NC_000964.3_cds_NP_391439.1_3672_hgt_foreign	2	2.30631e-13	0.0134061	0.986594	1
lcl|NC_000964.3_cds_NP_389049.1_1188_hgt_foreign	2	5.04648e-13	0.00204757	0.997952	1
lcl|NC_000964.3_cds_NP_388001.1_120_hgt_foreign	2	1.99062e-11	0.158577	0.841423	1
lcl|NC_000964.3_cds_NP_390748.1_2971_hgt_foreign	2	5.00401e-26	0.000828441	0.999172	1
lcl|NC_000964.3_cds_NP_389656.1_1821_hgt_foreign	1	7.04872e-13	0.588351	0.411649	1
lcl|NC_000964.3_cds_NP_391016.1_3245_hgt_foreign	1	2.68395e-05	0.989899	0.0100745	0
lcl|NC_002942.5_cds_WP_010947453.1_1711	0	0.999923	7.57809e-05	1.61006e-06	0
lcl|NC_000964.3_cds_NP_388341.1_470_hgt_foreign	2	5.40507e-12	0.0137474	0.986253	1
lcl|NC_002942.5_cds_WP_010947009.1_1265	2	1.6901e-05	0.0978078	0.902175	1
lcl|NC_000964.3_cds_NP_388121.1_238_hgt_foreign	2	1.29815e-14	0.00246367	0.997536	1
lcl|NC_002942.5_cds_WP_015444251.1_2041	1	1.1501e-15	1	1.74253e-33	0
lcl|NC_000964.3_cds_NP_390072.1_2263_hgt_foreign	2	2.44677e-10	0.0742713	0.925729	1
lcl|NC_000964.3_cds_NP_388597.1_739_hgt_foreign	1	1.59479e-05	0.949141	0.0508434	1
lcl|NC_002942.5_cds_WP_010946459.1_697	0	0.999486	0.000504541	9.955e-06	0
lcl|NC_002942.5_cds_WP_010946209.1_448	0	1	1.42036e-07	1.30771e-09	0
lcl|NC_000964.3_cds_NP_387963.1_82_hgt_foreign	2	2.0325e-05	0.0360672	0.963912	1
lcl|NC_000964.3_cds_NP_389694.1_1861_hgt_foreign	2	0.00865287	0.0314045	0.959943	1
lcl|NC_000964.3_cds_NP_390620.1_2837_hgt_foreign	2	3.46574e-12	0.00247633	0.997524	1
lcl|NC_002942.5_cds_WP_010947078.1_1334	0	1	1.89558e-07	9.04473e-09	0
lcl|NC_002942.5_cds_WP_011214707.1_442	2	5.22771e-102	8.4128e-12	1	1
lcl|NC_000964.3_cds_NP_390981.1_3206_hgt_foreign	2	2.72768e-15	0.0253215	0.974679	1
lcl|NC_000964.3_cds_NP_391895.1_4140_hgt_foreign	1	0.220395	0.580033	0.199572	1
lcl|NC_000964.3_cds_NP_391236.1_3471_hgt_foreign	2	1.76818e-20	0.0152736	0.984726	1
lcl|NC_002942.5_cds_WP_011216539.1_2661	0	0.999938	6.10064e-05	9.19569e-07	0
lcl|NC_000964.3_cds_NP_389380.1_1541_hgt_foreign	2	3.37428e-21	3.32605e-05	0.999967	1
lcl|NC_000964.3_cds_YP_003097674.1_338_hgt_foreign	2	1.95957e-25	7.42432e-05	0.999926	1
lcl|NC_000964.3_cds_NP_389376.1_1537_hgt_foreign	2	2.31892e-07	0.109994	0.890006	1
lcl|NC_000964.3_cds_NP_390140.1_2338_hgt_foreign	2	7.9122e-10	0.00416465	0.995835	1
lcl|NC_000964.3_cds_NP_391158.1_3390_hgt_foreign	2	2.81015e-82	3.58046e-16	1	1
lcl|NC_000964.3_cds_NP_387890.1_9_hgt_foreign	2	1.29509e-05	0.0205407	0.979446	1
lcl|NC_000964.3_cds_NP_387920.1_39_hgt_foreign	2	0.000452121	0.0629978	0.93655	1
lcl|NC_000964.3_cds_NP_389573.3_1733_hgt_foreign	2	4.01222e-11	0.00219712	0.997803	1
lcl|NC_000964.3_cds_NP_388199.2_319_hgt_foreign	2	5.45203e-14	0.00244331	0.997557	1
lcl|NC_000964.3_cds_NP_390450.1_2658_hgt_foreign	2	3.9219e-09	0.0114294	0.988571	1
lcl|NC_000964.3_cds_YP_009513943.1_443_hgt_foreign	2	4.41619e-74	1.582e-07	1	1
lcl|NC_000964.3_cds_NP_389272.1_1428_hgt_foreign	2	0.00120132	0.0635084	0.93529	1
lcl|NC_002942.5_cds_WP_010946643.1_882	0	0.999865	0.000125731	8.97307e-06	0
lcl|NC_000964.3_cds_NP_390149.1_2346_hgt_foreign	2	0.0015056	0.184043	0.814451	1
lcl|NC_000964.3_cds_NP_389250.1_1405_hgt_foreign	2	2.73732e-11	0.0276205	0.97238	1
lcl|NC_002942.5_cds_WP_010947757.1_2021	0	1	4.66016e-07	1.2543e-10	0
lcl|NC_002942.5_cds_WP_015444105.1_2366	1	1.49492e-11	0.86604	0.13396	1
lcl|NC_000964.3_cds_NP_391574.1_3811_hgt_foreign	2	1.20226e-06	0.0535218	0.946477	1
lcl|NC_002942.5_cds_WP_010948044.1_2313	0	0.576392	0.0894417	0.334166	1
lcl|NC_000964.3_cds_NP_388691.1_828_hgt_foreign	2	7.14594e-08	0.037535	0.962465	1
lcl|NC_000964.3_cds_NP_388149.1_268_hgt_foreign	2	8.41774e-12	0.00209703	0.997903	1
lcl|NC_000964.3_cds_NP_390732.1_2954_hgt_foreign	2	3.8724e-21	1.62319e-05	0.999984	1
lcl|NC_000964.3_cds_YP_003097710.1_1249_hgt_foreign	2	3.5118e-77	3.17091e-11	1	1
lcl|NC_002942.5_cds_WP_010945786.1_24	0	0.999432	0.000542779	2.47797e-05	0
lcl|NC_002942.5_cds_WP_010948679.1_2989	0	1	8.26751e-08	1.06161e-10	0
lcl|NC_002942.5_cds_WP_010946755.1_995	0	0.99999	1.00898e-05	1.12266e-07	0
lcl|NC_000964.3_cds_NP_390950.1_3175_hgt_foreign	2	1.4816e-05	0.0629617	0.937023	1
lcl|NC_000964.3_cds_NP_391801.1_4044_hgt_foreign	0	0.72797	0.227012	0.045018	0
lcl|NC_000964.3_cds_NP_389308.1_1466_hgt_foreign	0	0.705926	0.208994	0.0850792	1
lcl|NC_000964.3_cds_NP_388865.1_1000_hgt_foreign	2	5.24001e-15	0.00247724	0.997523	1
lcl|NC_000964.3_cds_NP_391232.1_3467_hgt_foreign	2	2.6632e-76	2.33831e-12	1	1
lcl|NC_000964.3_cds_NP_391187.1_3420_hgt_foreign	2	5.3619e-07	0.0142086	0.985791	1
lcl|NC_000964.3_cds_NP_388510.1_648_hgt_foreign	2	1.0322e-06	0.0183303	0.981669	1
lcl|NC_000964.3_cds_NP_388847.1_983_hgt_foreign	2	2.01055e-05	0.0202264	0.979753	1
lcl|NC_000964.3_cds_NP_390517.1_2727_hgt_foreign	2	4.3283e-43	0.000157342	0.999843	1
lcl|NC_000964.3_cds_NP_391125.1_3352_hgt_foreign	2	3.99243e-13	0.00181016	0.99819	1
lcl|NC_002942.5_cds_WP_015444489.1_1515	0	0.999999	6.14081e-07	4.30447e-08	0
lcl|NC_000964.3_cds_NP_389102.1_1246_hgt_foreign	2	9.25281e-39	1.10432e-08	1	1
lcl|NC_000964.3_cds_NP_388961.1_1099_hgt_foreign	2	3.82662e-07	0.0730542	0.926945	1
lcl|NC_000964.3_cds_NP_391769.1_4013_hgt_foreign	2	5.55214e-06	0.0541473	0.945847	1
lcl|NC_000964.3_cds_NP_391635.1_3874_hgt_foreign	2	2.12286e-07	0.0790898	0.92091	1
lcl|NC_000964.3_cds_NP_389284.1_1441_hgt_foreign	2	2.26383e-08	0.0294696	0.97053	1
lcl|NC_000964.3_cds_NP_390346.2_2548_hgt_foreign	1	3.6642e-09	1	5.15455e-77	0
lcl|NC_000964.3_cds_NP_390909.2_3133_hgt_foreign	2	1.05279e-19	0.000176436	0.999824	1
lcl|NC_000964.3_cds_NP_387966.1_85_hgt_foreign	2	0.0849272	0.179367	0.735705	1
lcl|NC_000964.3_cds_NP_390885.1_3110_hgt_foreign	2	0.000323529	0.127983	0.871693	1
lcl|NC_002942.5_cds_WP_010948462.1_2757	0	0.999994	5.6081e-06	2.19255e-07	0
lcl|NC_002942.5_cds_WP_010945830.1_71	0	0.999999	1.39495e-06	4.86131e-08	0
lcl|NC_002942.5_cds_WP_015443982.1_2658	0	0.99999	1.0142e-05	1.69204e-08	0
lcl|NC_000964.3_cds_NP_390602.1_2818_hgt_foreign	1	4.96914e-06	0.832437	0.167558	1
lcl|NC_002942.5_cds_WP_010947743.1_2007	0	0.999999	9.03605e-07	7.90329e-09	0
lcl|NC_000964.3_cds_NP_388049.3_169_hgt_foreign	2	0.235549	0.357412	0.407039	1
lcl|NC_002942.5_cds_WP_010947112.1_1368	0	0.999978	2.11368e-05	5.98864e-07	0
lcl|NC_002942.5_cds_WP_010947454.1_1712	0	0.999997	2.54151e-06	4.83633e-08	0
lcl|NC_000964.3_cds_NP_391078.1_3305_hgt_foreign	2	0.000129411	0.209235	0.790635	1
lcl|NC_000964.3_cds_NP_389726.2_1895_hgt_foreign	2	0.0011358	0.27665	0.722214	1
lcl|NC_002942.5_cds_WP_011213009.1_318	1	0.00400721	0.965621	0.0303718	0
lcl|NC_002942.5_cds_WP_010947266.1_1523	0	0.999742	0.000245111	1.31697e-05	0
lcl|NC_000964.3_cds_NP_388525.2_663_hgt_foreign	2	1.08477e-19	0.000302317	0.999698	1
lcl|NC_000964.3_cds_NP_391739.1_3983_hgt_foreign	2	1.54284e-11	0.0136709	0.986329	1
lcl|NC_000964.3_cds_NP_391109.1_3336_hgt_foreign	2	1.53195e-31	9.69303e-07	0.999999	1
lcl|NC_000964.3_cds_NP_391328.2_3561_hgt_foreign	2	2.69338e-05	0.0199126	0.98006	1
lcl|NC_000964.3_cds_NP_388180.2_300_hgt_foreign	2	1.1875e-10	0.00117999	0.99882	1
lcl|NC_002942.5_cds_WP_015444633.1_1070	0	0.999966	3.30365e-05	8.63569e-07	0
lcl|NC_002942.5_cds_WP_010946484.1_722	0	0.999936	6.41788e-05	1.69875e-07	0
lcl|NC_002942.5_cds_WP_010948631.1_2938	0	1	1.82828e-07	6.82098e-10	0
lcl|NC_000964.3_cds_NP_391107.1_3334_hgt_foreign	2	1.0407e-12	0.00180128	0.998199	1
lcl|NC_000964.3_cds_NP_391271.1_3506_hgt_foreign	2	4.18291e-13	0.000683581	0.999316	1
lcl|NC_000964.3_cds_NP_391698.2_3939_hgt_foreign	2	1.08206e-12	0.00712759	0.992872	1
lcl|NC_002942.5_cds_WP_011213101.1_450	0	0.999999	9.86206e-07	1.59953e-07	0
lcl|NC_000964.3_cds_NP_388813.1_950_hgt_foreign	2	0.000309864	0.172938	0.826752	1
lcl|NC_000964.3_cds_NP_391784.2_4027_hgt_foreign	2	1.37013e-13	0.00146264	0.998537	1
lcl|NC_002942.5_cds_WP_010948348.1_2639	0	1	6.38777e-08	1.27439e-09	0
lcl|NC_000964.3_cds_NP_391305.1_3540_hgt_foreign	2	8.99279e-20	0.00299116	0.997009	1
lcl|NC_002942.5_cds_WP_010946945.1_1196	0	0.999965	3.50218e-05	1.64522e-07	0
lcl|NC_000964.3_cds_NP_391615.1_3853_hgt_foreign	2	1.2474e-28	2.19768e-05	0.999978	1
lcl|NC_002942.5_cds_WP_010947464.1_1722	0	0.999999	8.07114e-07	3.11535e-08	0
lcl|NC_002942.5_cds_WP_010947261.1_1518	0	1	1.75069e-08	1.44562e-10	0
lcl|NC_000964.3_cds_NP_390335.1_2537_hgt_foreign	2	1.94119e-13	0.00513201	0.994868	1
lcl|NC_000964.3_cds_NP_388506.1_643_hgt_foreign	2	4.6038e-120	8.95009e-16	1	1
lcl|NC_000964.3_cds_NP_390269.1_2470_hgt_foreign	2	7.20825e-08	0.0306817	0.969318	1
lcl|NC_000964.3_cds_NP_390069.1_2260_hgt_foreign	2	8.31297e-20	0.000193588	0.999806	1
lcl|NC_000964.3_cds_NP_389800.1_1978_hgt_foreign	0	0.862749	0.0334574	0.103794	1
lcl|NC_000964.3_cds_NP_387934.1_53_hgt_foreign	2	6.9159e-09	0.0267924	0.973208	1
lcl|NC_002942.5_cds_WP_010947515.1_1772	0	0.999781	0.000213085	6.33451e-06	0
lcl|NC_002942.5_cds_WP_010946753.1_993	0	0.999862	0.000128692	9.06621e-06	0
lcl|NC_000964.3_cds_NP_389445.1_1607_hgt_foreign	2	0.00127632	0.0293358	0.969388	1
lcl|NC_000964.3_cds_NP_391762.1_4006_hgt_foreign	2	2.64936e-09	0.0173403	0.98266	1
lcl|NC_002942.5_cds_WP_015444473.1_1551	0	0.999995	4.55817e-06	7.48494e-07	0
lcl|NC_000964.3_cds_NP_388886.1_1024_hgt_foreign	2	4.18488e-16	0.00366486	0.996335	1
lcl|NC_000964.3_cds_YP_003097680.1_444_hgt_foreign	2	1.97445e-74	4.15962e-15	1	1
lcl|NC_002942.5_cds_WP_010947288.1_1545	0	0.999998	1.5566e-06	1.96363e-08	0
lcl|NC_000964.3_cds_NP_389345.1_1505_hgt_foreign	2	1.09074e-08	0.0589451	0.941055	1
lcl|NC_002942.5_cds_WP_010946571.1_809	0	0.99402	0.0032566	0.00272311	0
lcl|NC_000964.3_cds_NP_391387.1_3621_hgt_foreign	2	6.84346e-08	0.0313037	0.968696	1
lcl|NC_000964.3_cds_NP_390441.1_2648_hgt_foreign	2	0.00104527	0.0908313	0.908123	1
lcl|NC_000964.3_cds_NP_391879.2_4122_hgt_foreign	2	5.82798e-11	0.0026001	0.9974	1
lcl|NC_000964.3_cds_NP_390171.1_2370_hgt_foreign	2	3.2155e-16	0.000135998	0.999864	1
lcl|NC_002942.5_cds_WP_015443916.1_2837	0	1	3.58542e-07	7.47161e-10	0
lcl|NC_000964.3_cds_NP_389229.1_1382_hgt_foreign	2	8.10948e-09	0.0168135	0.983187	1
lcl|NC_000964.3_cds_NP_388088.1_206_hgt_foreign	2	2.93254e-09	0.0286503	0.97135	1
lcl|NC_000964.3_cds_NP_390581.1_2794_hgt_foreign	2	0.158982	0.118844	0.722174	1
lcl|NC_000964.3_cds_YP_003097755.1_2363_hgt_foreign	2	6.97285e-15	0.000179337	0.999821	1
lcl|NC_000964.3_cds_NP_389732.1_1901_hgt_foreign	2	5.07812e-06	0.0365449	0.96345	1
lcl|NC_000964.3_cds_NP_389166.1_1317_hgt_foreign	2	1.92613e-14	0.00114661	0.998853	1
lcl|NC_002942.5_cds_WP_010946244.1_482	0	1	4.10753e-07	2.65862e-09	0
lcl|NC_000964.3_cds_NP_389411.2_1573_hgt_foreign	2	0.00125868	0.395854	0.602887	1
lcl|NC_000964.3_cds_YP_009513967.1_2057_hgt_foreign	0	0.999939	6.1273e-05	1.97632e-38	0
lcl|NC_000964.3_cds_NP_390259.1_2459_hgt_foreign	2	1.12853e-10	0.0057747	0.994225	1
lcl|NC_000964.3_cds_NP_389771.1_1949_hgt_foreign	2	4.6002e-07	0.00111012	0.998889	1
lcl|NC_000964.3_cds_NP_388704.1_841_hgt_foreign	2	3.43201e-14	0.000569858	0.99943	1
lcl|NC_002942.5_cds_WP_011946725.1_1767	0	1	2.00192e-07	3.43433e-10	0
lcl|NC_000964.3_cds_NP_389169.1_1320_hgt_foreign	2	1.04861e-07	0.0210251	0.978975	1
lcl|NC_000964.3_cds_NP_391142.1_3371_hgt_foreign	2	2.95872e-22	1.19571e-05	0.999988	1
lcl|NC_000964.3_cds_NP_388421.1_557_hgt_foreign	2	4.58125e-18	0.000532638	0.999467	1
lcl|NC_000964.3_cds_NP_391336.1_3569_hgt_foreign	2	1.08839e-09	0.00748902	0.992511	1
lcl|NC_000964.3_cds_NP_389408.2_1570_hgt_foreign	2	8.20362e-11	0.00124288	0.998757	1
lcl|NC_000964.3_cds_NP_389172.2_1324_hgt_foreign	2	1.5565e-15	0.00131493	0.998685	1
lcl|NC_000964.3_cds_YP_009514005.1_3720_hgt_foreign	2	2.37261e-82	4.14747e-14	1	1
lcl|NC_000964.3_cds_NP_389812.1_1990_hgt_foreign	2	0	1.16024e-42	1	1
lcl|NC_000964.3_cds_NP_391880.2_4123_hgt_foreign	2	9.22075e-26	1.83505e-05	0.999982	1
lcl|NC_000964.3_cds_NP_391718.1_3960_hgt_foreign	2	1.20621e-18	0.00169747	0.998303	1
lcl|NC_002942.5_cds_WP_010948455.1_2750	0	0.99991	8.84571e-05	1.50388e-06	0
lcl|NC_000964.3_cds_NP_389530.1_1694_hgt_foreign	2	3.43013e-06	0.0312984	0.968698	1
lcl|NC_002942.5_cds_WP_015444660.1_1003	0	0.99758	0.00224114	0.00017898	0
lcl|NC_000964.3_cds_NP_390928.1_3153_hgt_foreign	2	1.76533e-09	0.0666582	0.933342	1
lcl|NC_000964.3_cds_NP_391682.1_3923_hgt_foreign	2	2.02786e-17	0.000747561	0.999252	1
lcl|NC_000964.3_cds_NP_389390.1_1552_hgt_foreign	2	2.54022e-06	0.0789977	0.921	1
lcl|NC_002942.5_cds_WP_010946216.1_454	0	0.999998	1.66666e-06	4.20331e-10	0
lcl|NC_002942.5_cds_WP_011216527.1_2648	1	2.90675e-05	0.999966	4.44949e-06	0
lcl|NC_000964.3_cds_NP_389083.2_1226_hgt_foreign	2	0.00493835	0.441565	0.553497	1
lcl|NC_000964.3_cds_NP_388871.2_1007_hgt_foreign	2	4.00262e-15	0.00206688	0.997933	1
lcl|NC_000964.3_cds_NP_391629.1_3868_hgt_foreign	2	3.38865e-25	6.94311e-06	0.999993	1
lcl|NC_002942.5_cds_WP_010948355.1_2646	0	0.999836	0.000162396	1.38263e-06	0
lcl|NC_002942.5_cds_WP_010948644.1_2954	0	0.999999	7.22706e-07	4.53182e-10	0
lcl|NC_002942.5_cds_WP_016357054.1_2984	1	0.00432967	0.995546	0.000124454	0
lcl|NC_000964.3_cds_NP_388108.1_225_hgt_foreign	2	4.266e-08	0.0588621	0.941138	1
lcl|NC_000964.3_cds_NP_389431.2_1593_hgt_foreign	2	1.15634e-15	0.0013222	0.998678	1
lcl|NC_002942.5_cds_WP_010945871.1_110	0	0.999988	1.04745e-05	1.53361e-06	0
lcl|NC_000964.3_cds_NP_390971.1_3196_hgt_foreign	2	7.01051e-25	4.71069e-06	0.999995	1
lcl|NC_000964.3_cds_NP_389811.1_1989_hgt_foreign	2	1.88513e-12	0.000768735	0.999231	1
lcl|NC_000964.3_cds_NP_389820.2_1998_hgt_foreign	2	2.92673e-08	0.018329	0.981671	1
lcl|NC_002942.5_cds_WP_016356688.1_4	0	0.999999	5.93305e-07	8.76293e-08	0
lcl|NC_000964.3_cds_NP_390266.2_2466_hgt_foreign	2	0.0105506	0.112106	0.877343	1
lcl|NC_000964.3_cds_NP_390158.1_2355_hgt_foreign	2	8.98684e-81	7.35381e-14	1	1
lcl|NC_002942.5_cds_WP_011216180.1_2256	0	0.999913	8.30506e-05	4.12701e-06	0
lcl|NC_000964.3_cds_NP_388594.1_736_hgt_foreign	2	1.38889e-08	0.0585536	0.941446	1
lcl|NC_002942.5_cds_WP_010946061.1_300	0	0.99976	0.000182961	5.71948e-05	0
lcl|NC_000964.3_cds_NP_388193.2_313_hgt_foreign	2	1.57022e-08	0.0751379	0.924862	1
lcl|NC_000964.3_cds_NP_390061.1_2252_hgt_foreign	0	0.958624	0.0174882	0.0238874	0
lcl|NC_002942.5_cds_WP_025862363.1_1427	0	0.999977	1.91315e-05	3.73288e-06	0
lcl|NC_002942.5_cds_WP_010946164.1_404	2	5.69429e-11	0.00714116	0.992859	1
lcl|NC_000964.3_cds_NP_390915.1_3139_hgt_foreign	2	3.92309e-06	0.0166108	0.983385	1
lcl|NC_000964.3_cds_NP_388317.1_445_hgt_foreign	2	1.69936e-12	0.00108806	0.998912	1
lcl|NC_000964.3_cds_YP_003097741.1_2008_hgt_foreign	2	3.88159e-24	2.48246e-05	0.999975	1
lcl|NC_000964.3_cds_NP_391984.1_4235_hgt_foreign	2	6.16431e-06	0.0372584	0.962735	1
lcl|NC_000964.3_cds_NP_391281.1_3516_hgt_foreign	2	7.58459e-14	0.000841024	0.999159	1
lcl|NC_000964.3_cds_NP_388605.1_745_hgt_foreign	2	2.04276e-31	3.08503e-06	0.999997	1
lcl|NC_002942.5_cds_WP_015444553.1_1309	0	1	4.29373e-07	4.54084e-08	0
lcl|NC_002942.5_cds_WP_010946596.1_834	2	0.0195833	0.224417	0.756	1
lcl|NC_000964.3_cds_NP_390641.1_2859_hgt_foreign	2	8.58258e-20	6.41724e-05	0.999936	1
lcl|NC_002942.5_cds_WP_010946301.1_537	0	0.996867	0.00156012	0.00157247	0
lcl|NC_000964.3_cds_NP_389672.1_1838_hgt_foreign	2	0.000230227	0.141383	0.858387	1
lcl|NC_002942.5_cds_WP_015444337.1_2000	0	1	3.63676e-08	9.15073e-11	0
lcl|NC_002942.5_cds_WP_015444647.1_1036	0	0.999996	4.26233e-06	1.85231e-08	0
lcl|NC_000964.3_cds_NP_388929.1_1066_hgt_foreign	1	1.32501e-10	0.574538	0.425462	1
lcl|NC_000964.3_cds_YP_009513981.1_2717_hgt_foreign	1	4.02339e-26	0.999921	7.91931e-05	0
lcl|NC_000964.3_cds_NP_389472.1_1635_hgt_foreign	2	9.98738e-09	0.0455411	0.954459	1
lcl|NC_002942.5_cds_WP_010946411.1_649	0	0.999866	0.000131773	2.46586e-06	0
lcl|NC_000964.3_cds_NP_388981.2_1118_hgt_foreign	2	1.15666e-13	0.0112896	0.98871	1
lcl|NC_002942.5_cds_WP_010948432.1_2727	0	1	1.17116e-08	1.30184e-13	0
lcl|NC_002942.5_cds_WP_010947054.1_1310	0	0.999988	1.16456e-05	5.79647e-08	0
lcl|NC_000964.3_cds_NP_389833.1_2012_hgt_foreign	2	0.0134048	0.244483	0.742112	1
lcl|NC_000964.3_cds_NP_389730.2_1899_hgt_foreign	2	0.0452474	0.23778	0.716973	1
lcl|NC_002942.5_cds_WP_010948641.1_2951	0	0.999573	0.000411991	1.46025e-05	0
lcl|NC_000964.3_cds_NP_391058.1_3288_hgt_foreign	2	1.0201e-14	0.00290405	0.997096	1
lcl|NC_000964.3_cds_NP_391028.1_3257_hgt_foreign	2	8.44864e-16	0.00337808	0.996622	1
lcl|NC_000964.3_cds_NP_390803.1_3028_hgt_foreign	2	0.000233528	0.055802	0.943964	1
lcl|NC_002942.5_cds_WP_010946592.1_830	0	0.999849	0.000151338	4.29518e-08	0
lcl|NC_000964.3_cds_NP_390449.1_2657_hgt_foreign	0	0.969977	0.0190467	0.0109766	0
lcl|NC_000964.3_cds_NP_391180.2_3411_hgt_foreign	2	2.37739e-13	0.0212672	0.978733	1
lcl|NC_002942.5_cds_WP_010947013.1_1269	0	0.999999	6.34482e-07	7.25877e-10	0
lcl|NC_000964.3_cds_NP_389278.2_1434_hgt_foreign	2	0.44391	0.235124	0.320965	1
lcl|NC_000964.3_cds_NP_389001.2_1138_hgt_foreign	2	0.00126846	0.331869	0.666862	1
lcl|NC_000964.3_cds_NP_389856.1_2041_hgt_foreign	2	3.34964e-07	0.0243844	0.975615	1
lcl|NC_002942.5_cds_WP_010947289.1_1546	0	0.999956	3.78958e-05	6.3618e-06	0
lcl|NC_000964.3_cds_NP_390841.1_3067_hgt_foreign	2	3.00451e-16	0.00172691	0.998273	1
lcl|NC_002942.5_cds_WP_015444655.1_1018	2	0.0253413	0.35816	0.616499	1
lcl|NC_000964.3_cds_NP_391048.1_3277_hgt_foreign	2	0	2.71008e-28	1	1
lcl|NC_002942.5_cds_WP_015443984.1_2651	0	0.999998	1.66384e-06	1.08998e-08	0
lcl|NC_002942.5_cds_WP_011216616.1_2751	0	0.997153	0.00263861	0.000207959	0
lcl|NC_002942.5_cds_WP_010948349.1_2640	0	1	3.12028e-08	4.83904e-11	0
lcl|NC_000964.3_cds_NP_391761.1_4005_hgt_foreign	2	2.95379e-14	0.00457847	0.995422	1
lcl|NC_000964.3_cds_YP_003097687.1_572_hgt_foreign	2	5.68657e-74	3.14212e-13	1	1
lcl|NC_002942.5_cds_WP_011946434.1_1406	0	0.999998	1.80693e-06	7.33297e-09	0
lcl|NC_000964.3_cds_NP_390830.1_3056_hgt_foreign	2	4.09019e-09	0.145957	0.854043	1
lcl|NC_000964.3_cds_NP_389810.1_1988_hgt_foreign	2	4.12863e-16	0.00415269	0.995847	1
lcl|NC_000964.3_cds_NP_391063.1_3293_hgt_foreign	2	5.52026e-23	0.00425176	0.995748	1
lcl|NC_000964.3_cds_NP_390490.1_2698_hgt_foreign	2	0.00134424	0.257303	0.741353	1
lcl|NC_002942.5_cds_WP_010948463.1_2758	0	0.999851	0.000123718	2.56243e-05	0
lcl|NC_000964.3_cds_NP_390634.1_2852_hgt_foreign	2	1.78686e-10	0.0144512	0.985549	1
lcl|NC_002942.5_cds_WP_010947067.1_1323	2	1.77393e-17	0.00917531	0.990825	1
lcl|NC_000964.3_cds_NP_388397.1_532_hgt_foreign	0	0.999987	1.27034e-05	6.16144e-07	0
lcl|NC_000964.3_cds_NP_390565.2_2777_hgt_foreign	0	0.999988	1.13472e-05	2.62698e-07	0
lcl|NC_002942.5_cds_LPG_RS05055_992	1	1.66213e-08	0.999836	0.000163601	0
lcl|NC_002942.5_cds_WP_015444381.1_1893	1	6.43888e-06	0.961172	0.0388218	0
lcl|NC_002942.5_cds_WP_010947118.1_1374	1	0.00563216	0.936319	0.0580492	1
lcl|NC_000964.3_cds_NP_390665.1_2885_hgt_foreign	2	0.000343432	0.244236	0.755421	1
lcl|NC_002942.5_cds_WP_015444791.1_533	0	0.99979	0.000174908	3.50522e-05	0
lcl|NC_000964.3_cds_NP_388614.1_754_hgt_foreign	2	0.010858	0.415098	0.574044	1
lcl|NC_002942.5_cds_WP_010948467.1_2762	0	0.999987	1.21632e-05	5.15175e-07	0
lcl|NC_002942.5_cds_WP_011216798.1_2952	0	0.999993	6.64555e-06	8.58029e-09	0
lcl|NC_000964.3_cds_NP_388874.1_1010_hgt_foreign	2	4.42669e-15	0.00667815	0.993322	1
lcl|NC_000964.3_cds_NP_388623.2_763_hgt_foreign	2	2.22669e-22	7.85443e-05	0.999921	1
lcl|NC_000964.3_cds_NP_388914.2_1051_hgt_foreign	2	1.91008e-16	0.000207557	0.999792	1
lcl|NC_000964.3_cds_NP_389391.1_1553_hgt_foreign	2	2.6124e-28	0.000507662	0.999492	1
lcl|NC_000964.3_cds_NP_389256.1_1411_hgt_foreign	2	8.13462e-11	0.013828	0.986172	1
lcl|NC_000964.3_cds_NP_390201.1_2399_hgt_foreign	2	3.91275e-08	0.0181504	0.98185	1
lcl|NC_000964.3_cds_NP_390935.1_3160_hgt_foreign	2	2.96683e-14	0.000121489	0.999879	1
lcl|NC_000964.3_cds_NP_389492.1_1655_hgt_foreign	2	2.04477e-07	0.0101495	0.98985	1
lcl|NC_000964.3_cds_NP_389680.1_1846_hgt_foreign	2	1.57326e-05	0.0724313	0.927553	1
lcl|NC_002942.5_cds_WP_010947990.1_2259	0	0.999926	7.40292e-05	2.82405e-07	0
lcl|NC_000964.3_cds_NP_390880.1_3106_hgt_foreign	2	3.0135e-06	0.120682	0.879315	1
lcl|NC_000964.3_cds_YP_009513996.1_2972_hgt_foreign	2	4.56757e-65	6.96829e-06	0.999993	1
lcl|NC_000964.3_cds_NP_389813.1_1991_hgt_foreign	2	6.75158e-07	0.0123209	0.987678	1
lcl|NC_000964.3_cds_NP_391473.1_3704_hgt_foreign	2	1.76401e-10	0.00617486	0.993825	1
lcl|NC_002942.5_cds_WP_010947051.1_1307	0	1	1.56252e-07	5.33037e-09	0
lcl|NC_000964.3_cds_NP_388946.2_1083_hgt_foreign	2	4.218e-14	0.00404834	0.995952	1
lcl|NC_000964.3_cds_NP_389087.2_1230_hgt_foreign	2	2.77483e-16	0.0340486	0.965951	1
lcl|NC_002942.5_cds_WP_010946926.1_1174	0	0.999984	1.5538e-05	1.19505e-08	0
lcl|NC_002942.5_cds_WP_010948386.1_2678	0	1	1.09202e-07	1.50837e-09	0
lcl|NC_000964.3_cds_NP_389017.1_1154_hgt_foreign	2	2.25011e-05	0.0321941	0.967783	1
lcl|NC_000964.3_cds_NP_387943.1_62_hgt_foreign	2	3.24216e-60	3.68814e-09	1	1
lcl|NC_002942.5_cds_WP_010946335.1_571	2	0.236449	0.385193	0.378358	1
lcl|NC_000964.3_cds_NP_388162.1_282_hgt_foreign	2	0.000120348	0.158643	0.841237	1
lcl|NC_002942.5_cds_WP_010946585.1_823	0	0.999994	5.55336e-06	9.03641e-08	0
lcl|NC_002942.5_cds_WP_011946747.1_1805	0	1	5.84234e-09	4.34625e-13	0
lcl|NC_002942.5_cds_WP_010947895.1_2165	0	1	3.14169e-08	9.28948e-11	0
lcl|NC_000964.3_cds_NP_390337.2_2539_hgt_foreign	2	1.65971e-05	0.176735	0.823248	1
lcl|NC_002942.5_cds_WP_010948653.1_2963	0	0.999997	3.12223e-06	1.80235e-08	0
lcl|NC_000964.3_cds_NP_391155.1_3387_hgt_foreign	1	5.86179e-07	0.986579	0.0134202	0
lcl|NC_002942.5_cds_WP_015444163.1_2222	0	0.999999	5.20594e-07	2.7146e-09	0
lcl|NC_000964.3_cds_NP_391822.1_4066_hgt_foreign	2	2.34249e-11	0.0602278	0.939772	1
lcl|NC_000964.3_cds_NP_391624.1_3863_hgt_foreign	0	0.978007	0.0177926	0.00420031	0
lcl|NC_000964.3_cds_NP_391201.2_3434_hgt_foreign	2	1.35863e-10	0.0198632	0.980137	1
lcl|NC_000964.3_cds_NP_388419.1_555_hgt_foreign	2	0.368164	0.0489488	0.582887	1
lcl|NC_000964.3_cds_NP_388132.2_249_hgt_foreign	2	1.60393e-15	0.00279176	0.997208	1
lcl|NC_002942.5_cds_WP_010947164.1_1421	0	0.725044	0.255696	0.0192604	0
lcl|NC_000964.3_cds_NP_390768.1_2991_hgt_foreign	2	4.0351e-09	0.0153408	0.984659	1
lcl|NC_002942.5_cds_WP_010946584.1_822	0	0.999419	0.000545197	3.54557e-05	0
lcl|NC_000964.3_cds_NP_391291.1_3526_hgt_foreign	2	0.0551934	0.329012	0.615795	1
lcl|NC_000964.3_cds_NP_391613.2_3851_hgt_foreign	2	1.15495e-09	0.0240257	0.975974	1
lcl|NC_002942.5_cds_WP_015444810.1_481	0	1	2.8959e-08	2.3234e-10	0
lcl|NC_002942.5_cds_WP_010946829.1_1071	0	1	3.10633e-07	1.21198e-09	0
lcl|NC_000964.3_cds_NP_388250.1_372_hgt_foreign	2	1.17473e-05	0.17192	0.828069	1
lcl|NC_000964.3_cds_NP_391052.1_3282_hgt_foreign	2	3.2066e-08	0.154798	0.845202	1
lcl|NC_002942.5_cds_WP_010947997.1_2266	0	0.999997	2.38998e-06	2.06687e-07	0
lcl|NC_000964.3_cds_NP_391736.1_3980_hgt_foreign	2	1.67851e-58	9.34854e-10	1	1
lcl|NC_000964.3_cds_NP_389838.1_2017_hgt_foreign	2	7.34731e-10	0.00324575	0.996754	1
lcl|NC_000964.3_cds_NP_388190.2_310_hgt_foreign	2	5.44801e-11	0.0243494	0.975651	1
lcl|NC_000964.3_cds_NP_388415.1_551_hgt_foreign	0	0.700789	0.0430037	0.256207	1
lcl|NC_000964.3_cds_NP_391040.2_3269_hgt_foreign	2	3.63376e-17	0.013937	0.986063	1
lcl|NC_000964.3_cds_NP_389727.2_1896_hgt_foreign	2	0.00559126	0.06774	0.926669	1
lcl|NC_000964.3_cds_NP_389832.1_2011_hgt_foreign	2	0	1.4049e-54	1	1
lcl|NC_002942.5_cds_WP_010947138.1_1395	0	0.999734	0.000155778	0.000109889	0
lcl|NC_000964.3_cds_NP_387911.1_30_hgt_foreign	2	1.10471e-11	0.000282002	0.999718	1
lcl|NC_000964.3_cds_NP_389170.1_1321_hgt_foreign	2	5.35e-07	0.0116351	0.988364	1
lcl|NC_000964.3_cds_NP_389120.1_1265_hgt_foreign	2	0.00235745	0.0654788	0.932164	1
lcl|NC_000964.3_cds_NP_389313.1_1471_hgt_foreign	2	2.72326e-27	0.000115246	0.999885	1
lcl|NC_000964.3_cds_NP_388884.1_1022_hgt_foreign	2	4.60338e-14	0.00162369	0.998376	1
lcl|NC_000964.3_cds_NP_391771.1_4015_hgt_foreign	2	3.77213e-17	0.000173117	0.999827	1
lcl|NC_000964.3_cds_NP_390213.1_2410_hgt_foreign	2	2.92423e-24	0.000332201	0.999668	1
lcl|NC_000964.3_cds_NP_390508.1_2718_hgt_foreign	2	1.99535e-15	0.000626435	0.999374	1
lcl|NC_002942.5_cds_WP_011214789.1_539	1	0.00396856	0.996031	5.7989e-19	0
lcl|NC_002942.5_cds_WP_010947459.1_1717	0	0.999996	4.27119e-06	5.48023e-08	0
lcl|NC_000964.3_cds_NP_388978.1_1115_hgt_foreign	2	1.1852e-12	0.0368946	0.963105	1
lcl|NC_000964.3_cds_NP_390363.1_2565_hgt_foreign	2	0.00414209	0.304278	0.691579	1
lcl|NC_002942.5_cds_WP_010946332.1_568	0	1	2.10029e-07	1.84952e-09	0
lcl|NC_000964.3_cds_NP_389760.1_1935_hgt_foreign	0	0.733386	0.0796077	0.187006	1
lcl|NC_000964.3_cds_NP_389477.1_1640_hgt_foreign	2	9.85616e-06	0.0270631	0.972927	1
lcl|NC_000964.3_cds_NP_391922.1_4170_hgt_foreign	2	3.21414e-18	0.000120606	0.999879	1
lcl|NC_000964.3_cds_NP_391100.2_3327_hgt_foreign	2	0.00243068	0.171993	0.825577	1
lcl|NC_000964.3_cds_NP_390444.2_2651_hgt_foreign	2	0.362623	0.107054	0.530323	1
lcl|NC_000964.3_cds_NP_388171.1_291_hgt_foreign	2	1.95693e-13	0.00842741	0.991573	1
lcl|NC_000964.3_cds_NP_390856.2_3082_hgt_foreign	2	2.54245e-52	3.43448e-09	1	1
lcl|NC_002942.5_cds_WP_010948043.1_2312	0	0.998921	0.000963387	0.000115495	0
lcl|NC_002942.5_cds_WP_010946582.1_820	2	2.31751e-42	1.83998e-05	0.999982	1
lcl|NC_002942.5_cds_WP_010948464.1_2759	2	0.192626	0.106918	0.700457	1
lcl|NC_002942.5_cds_WP_010947090.1_1346	2	4.02658e-11	0.00100384	0.998996	1
lcl|NC_000964.3_cds_NP_391001.1_3226_hgt_foreign	2	3.87264e-18	0.000183893	0.999816	1
lcl|NC_000964.3_cds_YP_003097702.1_1132_hgt_foreign	2	6.39402e-103	1.46959e-14	1	1
lcl|NC_000964.3_cds_NP_391182.2_3413_hgt_foreign	2	1.50095e-09	0.0115442	0.988456	1
lcl|NC_000964.3_cds_NP_391595.1_3833_hgt_foreign	2	1.81331e-06	0.0252358	0.974762	1
lcl|NC_000964.3_cds_NP_388308.1_435_hgt_foreign	2	1.61632e-06	0.0296928	0.970306	1
lcl|NC_000964.3_cds_NP_390563.1_2775_hgt_foreign	0	0.999996	3.49451e-06	1.69513e-07	0
lcl|NC_002942.5_cds_WP_010947012.1_1268	0	0.993849	0.0061506	5.86889e-07	0
lcl|NC_000964.3_cds_NP_388999.3_1136_hgt_foreign	2	3.67316e-11	0.0120394	0.987961	1
lcl|NC_002942.5_cds_WP_010946290.1_528	0	0.999994	5.44862e-06	3.67804e-07	0
lcl|NC_002942.5_cds_WP_015444043.1_2501	0	1	1.71419e-07	1.718e-10	0
lcl|NC_000964.3_cds_NP_391834.1_4078_hgt_foreign	2	2.68665e-09	0.0188101	0.98119	1
lcl|NC_000964.3_cds_NP_391481.1_3712_hgt_foreign	2	1.74437e-17	7.32895e-05	0.999927	1
lcl|NC_000964.3_cds_NP_389762.1_1937_hgt_foreign	2	0.0157513	0.126116	0.858133	1
lcl|NC_002942.5_cds_WP_010946462.1_700	0	0.999999	8.09529e-07	1.76548e-08	0
lcl|NC_000964.3_cds_NP_391805.2_4048_hgt_foreign	2	3.25391e-10	0.0217568	0.978243	1
lcl|NC_002942.5_cds_WP_015443975.1_2677	0	0.999998	2.2793e-06	3.88686e-10	0
lcl|NC_000964.3_cds_NP_390575.1_2788_hgt_foreign	1	4.74171e-16	1	3.54051e-30	0
lcl|NC_000964.3_cds_YP_054589.1_2834_hgt_foreign	2	4.37372e-12	0.0251817	0.974818	1
lcl|NC_000964.3_cds_NP_390389.2_2592_hgt_foreign	2	1.1097e-11	0.0386178	0.961382	1
lcl|NC_000964.3_cds_YP_003097764.1_2711_hgt_foreign	1	1.08855e-22	1	3.70399e-24	0
lcl|NC_000964.3_cds_NP_389430.1_1592_hgt_foreign	2	3.74954e-45	2.35987e-09	1	1
lcl|NC_000964.3_cds_YP_003097774.1_3168_hgt_foreign	2	3.24557e-35	1.35515e-06	0.999999	1
lcl|NC_000964.3_cds_NP_391539.1_3774_hgt_foreign	2	9.47638e-18	0.000215332	0.999785	1
lcl|NC_000964.3_cds_NP_391940.1_4190_hgt_foreign	1	0.0236562	0.620392	0.355952	1
lcl|NC_000964.3_cds_NP_391785.2_4028_hgt_foreign	2	7.7987e-16	0.00595794	0.994042	1
lcl|NC_002942.5_cds_WP_011213305.1_720	0	0.749491	0.22689	0.0236195	0
lcl|NC_002942.5_cds_WP_010947031.1_1288	0	0.997615	0.00230802	7.72652e-05	0
lcl|NC_002942.5_cds_WP_010946588.1_826	0	0.999975	2.5154e-05	6.73971e-10	0
lcl|NC_002942.5_cds_WP_010948316.1_2607	0	0.999999	8.01491e-07	1.24053e-08	0
lcl|NC_000964.3_cds_NP_389168.1_1319_hgt_foreign	2	2.76734e-08	0.00110365	0.998896	1
lcl|NC_000964.3_cds_NP_391286.1_3521_hgt_foreign	2	3.58328e-10	0.015338	0.984662	1
lcl|NC_000964.3_cds_NP_388743.1_880_hgt_foreign	2	4.2256e-06	0.0584374	0.941558	1
lcl|NC_000964.3_cds_NP_388134.1_251_hgt_foreign	2	4.69094e-10	0.00770305	0.992297	1
lcl|NC_000964.3_cds_NP_388909.1_1046_hgt_foreign	2	4.4655e-20	1.1814e-05	0.999988	1
lcl|NC_000964.3_cds_NP_390111.1_2309_hgt_foreign	2	0.000467673	0.15185	0.847682	1
lcl|NC_000964.3_cds_NP_391452.1_3683_hgt_foreign	0	0.891321	0.0469899	0.0616895	1
lcl|NC_000964.3_cds_NP_391275.1_3510_hgt_foreign	2	2.70644e-06	0.125092	0.874905	1
lcl|NC_000964.3_cds_NP_388445.1_584_hgt_foreign	2	0.000585335	0.286399	0.713016	1
lcl|NC_000964.3_cds_NP_388107.1_224_hgt_foreign	2	0.000257031	0.320838	0.678905	1
lcl|NC_000964.3_cds_NP_388870.2_1006_hgt_foreign	2	2.25808e-12	0.0089655	0.991035	1
lcl|NC_002942.5_cds_WP_011216485.1_2601	0	0.999999	1.28503e-06	6.77118e-08	0
lcl|NC_000964.3_cds_NP_388573.1_715_hgt_foreign	2	7.59242e-34	1.81756e-06	0.999998	1
lcl|NC_000964.3_cds_NP_388302.1_429_hgt_foreign	2	4.9282e-26	2.95867e-05	0.99997	1
lcl|NC_000964.3_cds_NP_391666.1_3907_hgt_foreign	2	3.81386e-13	0.00206978	0.99793	1
lcl|NC_000964.3_cds_NP_389606.3_1767_hgt_foreign	2	6.60656e-11	0.00634216	0.993658	1
lcl|NC_000964.3_cds_NP_390668.1_2888_hgt_foreign	0	0.999822	0.000140321	3.76291e-05	0
lcl|NC_002942.5_cds_WP_010945833.1_73	0	0.999998	1.86356e-06	5.59924e-09	0
lcl|NC_000964.3_cds_NP_390239.1_2438_hgt_foreign	2	0.00077069	0.0938242	0.905405	1
lcl|NC_002942.5_cds_WP_010947511.1_1768	0	1	3.28985e-07	1.59806e-09	0
lcl|NC_000964.3_cds_NP_389581.1_1741_hgt_foreign	0	0.906936	0.0532574	0.0398066	0
lcl|NC_000964.3_cds_NP_390100.1_2296_hgt_foreign	2	2.18912e-17	7.23053e-05	0.999928	1
lcl|NC_000964.3_cds_NP_388091.1_209_hgt_foreign	2	3.06735e-15	0.000532032	0.999468	1
lcl|NC_002942.5_cds_WP_010946765.1_1006	0	0.998767	0.00122938	3.71279e-06	0
lcl|NC_000964.3_cds_NP_388160.1_279_hgt_foreign	2	2.17279e-18	5.56632e-05	0.999944	1
lcl|NC_000964.3_cds_NP_388319.1_447_hgt_foreign	2	6.61144e-29	2.42165e-06	0.999998	1
lcl|NC_000964.3_cds_NP_390926.1_3151_hgt_foreign	2	4.02888e-09	0.00401378	0.995986	1
lcl|NC_002942.5_cds_WP_015444709.1_829	0	0.867808	0.0339269	0.0982647	1
lcl|NC_000964.3_cds_NP_391274.1_3509_hgt_foreign	2	1.83074e-29	9.85837e-06	0.99999	1
lcl|NC_000964.3_cds_NP_389324.1_1482_hgt_foreign	2	3.662e-15	9.88138e-05	0.999901	1
lcl|NC_000964.3_cds_NP_389034.1_1171_hgt_foreign	2	0.000266431	0.0308775	0.968856	1
lcl|NC_002942.5_cds_WP_010946593.1_831	0	0.999914	8.58375e-05	2.72315e-14	0
lcl|NC_002942.5_cds_WP_010945813.1_52	0	0.999311	0.000554808	0.000134203	0
lcl|NC_000964.3_cds_NP_388952.2_1089_hgt_foreign	2	1.398e-32	0.000103075	0.999897	1
lcl|NC_000964.3_cds_NP_391916.1_4164_hgt_foreign	2	3.27292e-13	0.000609524	0.99939	1
lcl|NC_000964.3_cds_YP_003097778.1_3238_hgt_foreign	2	3.19482e-25	0.00010536	0.999895	1
lcl|NC_002942.5_cds_WP_015444857.1_370	1	0.398442	0.447664	0.153894	1
lcl|NC_000964.3_cds_NP_387997.1_116_hgt_foreign	2	2.80146e-29	5.33695e-05	0.999947	1
lcl|NC_000964.3_cds_NP_389494.1_1657_hgt_foreign	2	0.172142	0.205219	0.622639	1
lcl|NC_000964.3_cds_NP_389746.1_1918_hgt_foreign	2	0.0117662	0.213585	0.774649	1
lcl|NC_000964.3_cds_NP_389243.1_1398_hgt_foreign	2	4.75585e-14	0.00202551	0.997974	1
lcl|NC_000964.3_cds_NP_390937.2_3162_hgt_foreign	2	5.652e-10	0.00309823	0.996902	1
lcl|NC_000964.3_cds_YP_009513995.1_2965_hgt_foreign	2	7.37129e-27	0.00987638	0.990124	1
lcl|NC_002942.5_cds_WP_010946306.1_543	0	0.999995	5.16745e-06	5.87255e-08	0
lcl|NC_000964.3_cds_NP_391057.1_3287_hgt_foreign	2	2.20171e-57	2.26129e-10	1	1
lcl|NC_000964.3_cds_NP_389006.3_1143_hgt_foreign	2	6.28393e-12	0.00372106	0.996279	1
lcl|NC_000964.3_cds_NP_389106.1_1251_hgt_foreign	2	6.57288e-13	0.0125694	0.987431	1
lcl|NC_000964.3_cds_NP_390312.2_2514_hgt_foreign	2	8.69426e-18	0.000156426	0.999844	1
lcl|NC_000964.3_cds_NP_390556.1_2766_hgt_foreign	0	0.9305	0.0204366	0.049063	0
lcl|NC_002942.5_cds_WP_011946564.1_1553	2	1.96319e-16	0.211482	0.788518	1
lcl|NC_002942.5_cds_WP_011213007.1_316	0	0.999751	0.000249129	1.13188e-08	0
lcl|NC_000964.3_cds_NP_389685.1_1853_hgt_foreign	1	3.35594e-22	0.984068	0.0159318	0
lcl|NC_000964.3_cds_NP_390783.1_3006_hgt_foreign	1	0.000610525	0.508459	0.49093	1
lcl|NC_002942.5_cds_WP_015444950.1_112	0	0.999996	4.19679e-06	2.04566e-08	0
lcl|NC_000964.3_cds_NP_389355.1_1516_hgt_foreign	1	8.66998e-05	0.82462	0.175293	1
lcl|NC_000964.3_cds_NP_391567.1_3804_hgt_foreign	2	2.06092e-62	2.40085e-10	1	1
lcl|NC_000964.3_cds_NP_388296.1_423_hgt_foreign	2	2.17429e-12	0.00240827	0.997592	1
lcl|NC_002942.5_cds_WP_010948542.1_2839	0	0.999996	4.22199e-06	1.17579e-10	0
lcl|NC_000964.3_cds_NP_389751.1_1925_hgt_foreign	1	0.00498699	0.850245	0.144768	1
lcl|NC_002942.5_cds_WP_032828680.1_932	0	1	2.42921e-07	7.46881e-10	0
lcl|NC_002942.5_cds_WP_010946256.1_495	0	1	2.99474e-07	2.75031e-10	0
lcl|NC_002942.5_cds_WP_015443864.1_2982	0	0.999998	1.97696e-06	1.3552e-09	0
lcl|NC_000964.3_cds_NP_387989.2_108_hgt_foreign	2	6.31178e-08	0.0595042	0.940496	1
lcl|NC_000964.3_cds_NP_388918.1_1055_hgt_foreign	2	5.12804e-102	1.49408e-15	1	1
lcl|NC_000964.3_cds_NP_389575.2_1735_hgt_foreign	2	0.000412939	0.0588796	0.940707	1
lcl|NC_000964.3_cds_NP_389505.2_1668_hgt_foreign	2	7.27847e-07	0.0506955	0.949304	1
lcl|NC_000964.3_cds_NP_388355.1_484_hgt_foreign	2	4.76047e-13	0.0154756	0.984524	1
lcl|NC_000964.3_cds_NP_388977.1_1114_hgt_foreign	2	0.000793665	0.0512392	0.947967	1
lcl|NC_000964.3_cds_NP_388987.2_1123_hgt_foreign	2	7.92488e-13	0.00779089	0.992209	1
lcl|NC_000964.3_cds_NP_389364.1_1525_hgt_foreign	2	2.66593e-05	0.178303	0.82167	1
lcl|NC_002942.5_cds_WP_010946627.1_865	0	0.999998	1.43788e-06	9.66441e-08	0
lcl|NC_000964.3_cds_NP_390613.1_2829_hgt_foreign	2	3.31505e-06	0.0459563	0.95404	1
lcl|NC_002942.5_cds_WP_010948585.1_2886	0	0.999983	1.60765e-05	9.6548e-07	0
lcl|NC_000964.3_cds_NP_388182.1_302_hgt_foreign	2	3.19723e-15	0.0210799	0.97892	1
lcl|NC_000964.3_cds_NP_390537.1_2747_hgt_foreign	0	0.824246	0.155405	0.0203493	0
lcl|NC_000964.3_cds_NP_390692.1_2914_hgt_foreign	2	0.0496741	0.305685	0.644641	1
lcl|NC_000964.3_cds_NP_388928.1_1065_hgt_foreign	2	1.80508e-20	1.23303e-05	0.999988	1
lcl|NC_002942.5_cds_WP_010948345.1_2636	0	1	7.2506e-08	4.09331e-10	0
lcl|NC_000964.3_cds_NP_391639.1_3879_hgt_foreign	2	5.13992e-22	0.00014782	0.999852	1
lcl|NC_000964.3_cds_YP_003097679.1_411_hgt_foreign	1	2.21518e-54	1	1.96374e-87	0
lcl|NC_002942.5_cds_WP_010948633.1_2941	2	2.49183e-65	1.1843e-09	1	1
lcl|NC_002942.5_cds_WP_010948342.1_2633	0	1	1.71454e-07	1.0754e-09	0
lcl|NC_002942.5_cds_WP_016356941.1_1894	1	4.47796e-06	0.923102	0.0768933	1
lcl|NC_000964.3_cds_NP_388334.1_462_hgt_foreign	2	1.38322e-102	2.4524e-17	1	1
lcl|NC_002942.5_cds_WP_010946163.1_403	0	0.999982	1.6569e-05	1.77014e-06	0
lcl|NC_000964.3_cds_NP_388672.1_809_hgt_foreign	2	3.06008e-14	0.00398352	0.996016	1
lcl|NC_002942.5_cds_WP_010946927.1_1175	0	0.999991	8.728e-06	4.21311e-07	0
lcl|NC_002942.5_cds_WP_010946506.1_745	0	0.999997	2.47793e-06	5.93547e-08	0
lcl|NC_002942.5_cds_WP_010946644.1_883	0	0.997956	0.00202242	2.16939e-05	0
lcl|NC_000964.3_cds_NP_391872.2_4116_hgt_foreign	0	0.98272	0.0080147	0.00926526	0
lcl|NC_000964.3_cds_NP_391300.1_3535_hgt_foreign	2	1.10703e-06	0.174506	0.825493	1
lcl|NC_000964.3_cds_NP_391599.1_3837_hgt_foreign	2	3.81719e-11	0.00968088	0.990319	1
lcl|NC_000964.3_cds_NP_391228.1_3463_hgt_foreign	2	7.25536e-13	0.00518436	0.994816	1
lcl|NC_002942.5_cds_WP_010946787.1_1027	1	0.000241318	0.976417	0.0233412	0
lcl|NC_000964.3_cds_NP_388742.1_879_hgt_foreign	2	3.17357e-14	0.0131387	0.986861	1
lcl|NC_002942.5_cds_WP_010946516.1_754	0	1	1.57605e-07	1.69034e-09	0
lcl|NC_002942.5_cds_WP_010948667.1_2977	0	1	5.81111e-08	3.0144e-11	0
lcl|NC_002942.5_cds_WP_015444422.1_1714	0	0.999999	9.17327e-07	2.02674e-10	0
lcl|NC_000964.3_cds_NP_390718.1_2940_hgt_foreign	2	1.09801e-15	0.000762704	0.999237	1
lcl|NC_000964.3_cds_NP_388221.1_343_hgt_foreign	2	3.70739e-08	0.0208083	0.979192	1
lcl|NC_002942.5_cds_WP_010947458.1_1716	0	0.999984	1.51385e-05	4.5998e-07	0
lcl|NC_000964.3_cds_NP_387908.1_27_hgt_foreign	0	0.938872	0.0525832	0.00854482	0
lcl|NC_002942.5_cds_WP_015443983.1_2653	0	0.999996	3.9233e-06	3.04926e-08	0
lcl|NC_000964.3_cds_NP_390624.1_2843_hgt_foreign	2	1.47632e-09	0.0657543	0.934246	1
lcl|NC_002942.5_cds_WP_010947143.1_1400	0	1	1.98196e-07	4.81469e-09	0
lcl|NC_000964.3_cds_NP_387888.1_7_hgt_foreign	2	4.89519e-08	0.0113396	0.98866	1
lcl|NC_000964.3_cds_NP_390877.1_3103_hgt_foreign	2	5.09265e-08	0.00479546	0.995204	1
lcl|NC_000964.3_cds_NP_389374.1_1535_hgt_foreign	2	1.47986e-13	0.000136589	0.999863	1
lcl|NC_000964.3_cds_NP_389652.2_1815_hgt_foreign	2	9.35951e-07	0.0164992	0.9835	1
lcl|NC_002942.5_cds_WP_015444390.1_1876	0	1	1.06749e-07	2.22758e-10	0
